    0   1.00000000   0.00000000
    1   1.00000000   0.00000000
    2   1.00000000   0.00000000
    3  -0.19819573   0.00000000
    4   0.06499218   0.00000000
    5  -0.15189759   0.00000000
    6   0.00338204   0.00000000
    7  -0.17474624   0.00000000
    8   0.13973438   0.00000000
    9   0.21101632   0.00000000
   10  -0.13334725   0.00000000
   11  -0.17949489   0.00000000
   12  -0.24087523   0.00000000
   13   0.27502180   0.00000000
   14   0.27010601   0.00000000
   15   0.22406525   0.00000000
   16   0.21215391   0.00000000
   17   0.00000001   0.00000000
   18   0.00100000   0.00000000
   19   0.99986253   0.00000000
   20  -0.19787939   0.00000000
   21   0.06671883   0.00000000
   22  -0.15183415   0.00000000
   23   0.00337484   0.00000000
   24  -0.17474685   0.00000000
   25   0.13978375   0.00000000
   26   0.21099656   0.00000000
   27   0.13335827   0.00000000
   28  -0.17935319   0.00000000
   29  -0.24102627   0.00000000
   30   0.27450010   0.00000000
   31   0.27016292   0.00000000
   32   0.22397311   0.00000000
   33  -0.21864782   0.00000000
   34   0.00000001   0.00000000
   35   0.00100000   0.00000000
   36   0.99986320   0.00000000
   37  -0.19810206   0.00000000
   38   0.06509730   0.00000000
   39  -0.15191163   0.00000000
   40   0.00337269   0.00000000
   41  -0.17467829   0.00000000
   42   0.13982679   0.00000000
   43   0.21104698   0.00000000
   44  -0.13335823   0.00000000
   45  -0.17903742   0.00000000
   46  -0.24108622   0.00000000
   47   0.27457016   0.00000000
   48   0.26970521   0.00000000
   49   0.22402772   0.00000000
   50  -0.21718874   0.00000000
   51   0.00000002   0.00000000
   52   0.99986325   0.00000000
   53   0.19817576   0.00000000
   54  -0.06493218   0.00000000
   55   0.15231510   0.00000000
   56  -0.00338261   0.00000000
   57   0.17406265   0.00000000
   58  -0.13972792   0.00000000
   59  -0.21003778   0.00000000
   60   0.13336783   0.00000000
   61   0.18121979   0.00000000
   62   0.24041047   0.00000000
   63  -0.27316211   0.00000000
   64  -0.26859611   0.00000000
   65  -0.21984476   0.00000000
   66   0.20879157   0.00000000
   67   0.00000005   0.00000000
   68   0.99986976   0.00000000
   69   0.19835792   0.00000000
   70  -0.06504879   0.00000000
   71   0.15210220   0.00000000
   72  -0.00337767   0.00000000
   73   0.17414760   0.00000000
   74  -0.13981431   0.00000000
   75  -0.21020918   0.00000000
   76  -0.13336745   0.00000000
   77  -0.18105313   0.00000000
   78   0.24052637   0.00000000
   79  -0.27369254   0.00000000
   80  -0.26911618   0.00000000
   81  -0.22000266   0.00000000
   82  -0.22903443   0.00000000
   83   0.00000010   0.00000000
   84  -0.00100000   0.00000000
   85   0.99987007   0.00000000
   86   0.19838629   0.00000000
   87  -0.06508049   0.00000000
   88   0.15211580   0.00000000
   89  -0.00337762   0.00000000
   90   0.17420760   0.00000000
   91  -0.13976993   0.00000000
   92  -0.20979659   0.00000000
   93  -0.13336823   0.00000000
   94   0.18075647   0.00000000
   95   0.24112110   0.00000000
   96  -0.27399055   0.00000000
   97  -0.26940836   0.00000000
   98  -0.22023032   0.00000000
   99   0.22984826   0.00000000
  100  -0.00000004   0.00000000
  101  -0.00100000   0.00000000
  102  -0.00100000   0.00000000
  103   0.99987052   0.00000000
  104   0.19821132   0.00000000
  105  -0.06502749   0.00000000
  106   0.15202709   0.00000000
  107  -0.00337876   0.00000000
  108   0.17406619   0.00000000
  109  -0.13979870   0.00000000
  110  -0.21002361   0.00000000
  111   0.13337037   0.00000000
  112  -0.18083816   0.00000000
  113  -0.24123469   0.00000000
  114  -0.27372571   0.00000000
  115  -0.26914870   0.00000000
  116  -0.22002799   0.00000000
  117  -0.22906113   0.00000000
  118   0.00000004   0.00000000
  119  -0.00100000   0.00000000
  120   0.99987026   0.00000000
  121   0.19823322   0.00000000
  122  -0.06504360   0.00000000
  123   0.15208128   0.00000000
  124  -0.00337768   0.00000000
  125   0.17408389   0.00000000
  126  -0.13980711   0.00000000
  127  -0.21004739   0.00000000
  128   0.13336937   0.00000000
  129   0.18085710   0.00000000
  130   0.24092234   0.00000000
  131  -0.27375885   0.00000000
  132  -0.26918119   0.00000000
  133  -0.22005332   0.00000000
  134   0.22880303   0.00000000
  135  -0.00000002   0.00000000
  136  -0.00100000   0.00000000
  137   0.99987038   0.00000000
  138   0.19821133   0.00000000
  139  -0.06502646   0.00000000
  140   0.15207017   0.00000000
  141  -0.00337798   0.00000000
  142   0.17406620   0.00000000
  143  -0.13979870   0.00000000
  144  -0.20981498   0.00000000
  145   0.13336841   0.00000000
  146   0.18095499   0.00000000
  147  -0.24089391   0.00000000
  148  -0.27372571   0.00000000
  149  -0.26914870   0.00000000
  150  -0.22027593   0.00000000
  151  -0.22934712   0.00000000
  152   0.00000002   0.00000000
  153  -0.00100000   0.00000000
  154  -0.00100000   0.00000000
  155   0.99987028   0.00000000
