    0   0.73127149   0.01927398
    1   1.26549306   0.02175786
    2   0.45429292   0.02354375
    3  -0.51071129   0.01280690
    4   0.99737113   0.00848583
    5  -1.53789711   0.04241605
    6   0.93951011   0.09404352
    7   0.52970279   0.02293926
    8   1.48712191   0.02270877
    9  -0.52204617   0.01505041
   10   0.93373952   0.07518974
   11  -2.20139049   0.16669632
   12   0.74648770   0.03934507
   13   1.50474925   0.01566811
   14  -1.00984473   0.02117591
   15   1.50498838   0.01403155
   16  -0.56962404   0.07013139
   17   2.92367597   0.15549167
   18   1.56347902   0.07205442
   19   0.96010093   0.03154916
   20   1.46575967   0.02290012
   21  -0.99928980   0.01507741
   22   1.04502118   0.07414459
   23  -2.91221876   0.16519414
   24   0.93748146   0.01685506
   25  -1.01109825   0.02793276
   26   1.50232671   0.01835201
   27  -0.50179544   0.08983580
   28   1.96387281   0.20042964
   29   1.38586763   0.02620288
   30   0.74768051   0.03072983
   31   1.49898699   0.02287459
   32  -0.51112280   0.01513334
   33   0.99468991   0.07528036
   34  -1.07600401   0.16711229
   35   0.52249460   0.01853481
   36   1.45880214   0.01501586
   37  -1.01718962   0.01561409
   38   1.50423778   0.01035015
   39  -0.44453236   0.05169152
   40   2.15907849   0.11461391
   41   1.00205918   0.01289562
   42   1.48761583   0.02133191
   43  -0.50009339   0.01413894
   44   0.98489689   0.07062552
   45  -1.01157843   0.15657894
   46   0.59742299   0.05571821
   47   1.47878857   0.01498546
   48  -1.51314544   0.01265355
   49   0.99114148   0.00839152
   50  -1.01220200   0.04187821
   51   2.95727842   0.09290071
   52   1.74676235   0.14195503
   53   0.40442957   0.05774026

